[(90, 40), (90, 20), (90, 40), (90, 20)]
[(90, 40), (180, 40), (225, 28.284271247461902), (180, 28.284271247461902), (45, 0)]
[(90, 20), (45, 28.284271247461902), (315, 20), (180, 20), (135, 28.284271247461902), (-45, 20), (-90, 20), (180, 20)]
[(90, 40), (90, 20), (180, 20), (-90, 20), (-90, 20), (180, 20), (-90, 20), (-90, 20), (180, 20)]
[(90, 40), (180, 20), (270, 20), (90, 20), (180, 20), (270, 20), (270, 20), (90, 0)]
[(180, 20), (-90, 20), (-90, 20), (90, 20), (90, 20), (180, 20), (-90, 20), (-90, 20), (90, 20), (90, 20)]
[(180, 20), (-90, 40), (-90, 20), (-90, 20), (-90, 20), (90, 20), (90, 20)]
[(135, 28.284271247461902), (315, 20), (180, 20), (45, 28.284271247461902), (225, 20), (180, 20)]
[(180, 20), (-90, 40), (-90, 20), (-90, 20), (-90, 20), (180, 20), (-90, 20), (90, 0)]
[(180, 20), (-90, 20), (-90, 20), (90, 20), (90, 20), (180, 20), (-90, 40), (90, 0)]
[(0, 40)]